100.0
1000
35.38,50.78
21.59,64.21
80.81,42.52
28.45,0.49
86.48,62.71
10.44,29.07
30.77,23.84
6.95,95.49
18.64,19.75
3.60,95.23
78.70,1.49
6.35,43.89
52.95,32.61
15.14,18.52
0.93,33.96
60.45,99.02
80.83,53.47
34.05,52.81
88.99,25.69
39.97,74.67
36.02,17.97
15.75,14.35
13.15,95.29
25.55,99.34
55.33,74.21
6.20,87.06
39.11,77.97
55.77,61.85
62.95,49.22
89.65,25.56
44.83,24.90
53.70,17.23
38.07,28.27
76.14,37.62
10.09,87.58
60.41,47.24
50.56,47.46
69.49,52.52
75.81,99.95
29.15,94.59
74.45,24.87
82.17,7.04
95.39,96.25
58.53,14.92
14.11,80.81
87.71,5.83
25.57,27.42
68.24,15.81
2.73,22.38
26.96,37.56
28.79,64.03
46.02,76.85
57.90,92.94
8.97,53.72
84.48,98.52
19.06,70.02
4.22,11.71
72.68,41.57
31.55,84.79
28.66,24.41
97.43,53.93
0.38,47.91
89.23,77.87
11.53,4.46
10.05,47.08
98.94,35.42
28.65,61.65
16.14,95.97
63.24,83.36
89.77,77.98
92.37,77.56
7.90,18.78
14.53,73.99
73.72,26.88
84.12,92.05
41.43,10.53
36.39,95.66
61.69,4.33
76.03,65.81
3.58,50.42
45.22,4.45
87.12,6.05
5.60,12.60
55.66,17.27
65.61,17.75
41.38,19.58
59.74,60.54
28.40,0.94
39.64,89.48
97.98,89.79
67.99,53.80
48.22,11.23
15.98,28.96
16.66,88.52
52.42,57.60
98.22,53.48
78.55,38.95
43.48,69.66
6.24,54.35
42.45,64.94
99.43,73.15
47.66,16.58
98.53,43.85
67.01,31.09
25.98,38.56
61.56,13.41
27.32,85.41
16.51,26.04
36.69,93.15
14.44,96.80
68.27,44.92
29.23,46.17
25.78,14.16
76.26,69.95
91.25,34.48
99.82,31.04
1.02,37.47
52.51,85.32
42.03,57.83
22.66,90.93
4.90,93.38
95.91,27.86
11.40,99.14
94.78,84.92
93.52,89.25
26.28,55.36
38.93,18.30
81.58,18.80
33.30,14.39
74.28,77.40
23.77,40.48
73.94,56.89
0.07,67.47
90.34,79.80
39.49,52.85
90.38,66.92
90.42,32.06
84.55,26.02
75.55,46.39
2.51,42.10
79.97,50.45
88.67,92.18
52.43,65.67
87.56,69.59
88.43,71.34
56.23,17.44
82.75,54.50
36.31,39.36
36.15,71.62
41.73,76.26
75.70,10.28
70.06,12.80
1.97,77.83
24.93,4.21
6.99,85.01
45.07,94.93
17.06,37.49
71.40,34.08
1.54,95.88
48.05,79.72
54.65,15.78
45.03,23.74
1.39,33.18
11.16,62.26
0.23,18.01
13.91,82.57
15.73,78.58
0.08,37.24
12.15,63.18
15.25,27.96
75.69,71.62
53.67,27.76
7.35,59.06
70.58,28.63
40.96,87.25
78.64,13.50
31.89,54.22
67.11,16.37
30.44,12.39
27.92,52.65
1.17,67.30
46.42,72.76
74.42,34.30
16.06,16.44
19.50,19.02
66.26,22.69
10.32,78.81
50.32,80.72
13.89,17.24
26.74,91.16
69.40,61.09
80.87,43.41
41.74,70.54
76.73,5.03
26.66,37.05
98.67,62.22
57.25,30.59
41.56,46.44
11.14,68.15
34.51,31.70
46.24,88.86
38.06,89.48
99.05,37.51
37.77,43.65
64.27,77.89
67.91,76.71
36.75,80.23
38.40,0.21
37.73,52.66
5.31,17.32
66.12,15.90
20.55,73.65
12.62,52.36
20.07,13.33
49.33,96.00
61.52,32.02
61.02,67.97
1.98,45.72
15.46,4.21
14.43,74.87
79.62,66.07
77.65,77.02
76.17,72.59
38.20,48.06
40.56,44.21
35.76,51.92
82.65,1.29
3.23,31.89
78.88,18.34
1.62,2.67
21.16,94.91
26.49,21.72
26.68,67.50
27.31,90.93
69.45,53.31
14.33,45.09
28.60,86.43
88.16,42.48
61.25,79.68
16.75,84.58
98.41,21.19
1.75,56.80
31.16,93.95
21.34,0.59
1.50,88.47
10.43,97.76
37.16,64.23
40.77,73.02
73.01,3.71
93.20,97.38
83.06,94.34
72.06,6.20
6.39,68.66
98.28,29.14
88.12,30.15
31.21,65.99
72.12,93.62
12.08,32.52
76.06,72.79
91.90,43.38
51.39,54.77
5.77,95.38
80.85,11.56
81.42,63.65
94.50,12.04
25.41,25.90
91.41,14.29
12.68,85.18
38.74,37.86
16.63,70.63
82.59,38.31
55.67,57.17
45.50,32.20
99.93,60.33
4.62,49.70
76.79,30.27
41.37,24.28
37.59,90.27
28.36,63.81
99.81,39.43
73.08,86.36
58.16,66.55
68.52,44.87
66.74,2.91
10.93,9.96
29.64,75.19
32.27,27.70
2.25,6.79
60.55,19.97
97.28,55.53
65.37,49.30
10.15,68.97
67.68,26.94
27.08,84.64
93.07,3.25
55.39,1.88
25.89,43.07
20.96,4.36
78.23,54.81
10.11,18.00
21.80,12.16
94.61,47.60
43.72,79.58
67.38,47.38
77.74,28.99
34.10,45.57
31.42,13.75
50.88,61.23
76.51,48.53
72.18,22.60
95.22,28.55
74.34,20.82
78.03,10.29
50.37,10.05
50.08,67.14
29.04,95.68
62.73,28.28
57.80,36.16
24.53,6.51
2.93,20.44
61.25,21.98
62.76,73.37
88.93,32.51
60.02,84.22
55.45,88.56
78.21,49.65
56.58,40.78
33.30,71.97
60.33,42.00
26.89,55.75
80.15,1.49
10.00,1.64
21.67,69.25
97.46,4.70
90.51,50.85
12.44,26.54
89.21,78.98
7.33,25.46
50.40,97.18
3.22,96.83
50.04,43.18
13.40,97.15
20.01,54.46
67.99,99.52
32.05,57.22
36.72,55.73
56.97,41.33
54.67,20.84
12.13,68.45
91.96,29.49
97.78,8.31
72.29,0.41
88.99,49.01
37.85,85.26
93.11,81.21
78.19,71.08
5.27,13.12
89.48,91.81
94.17,33.62
6.99,3.77
28.70,4.15
58.59,32.13
12.42,26.31
19.90,1.41
27.17,2.14
12.78,21.27
99.91,76.47
77.89,11.06
97.42,26.76
69.70,11.30
22.48,44.75
67.13,48.40
32.05,36.54
67.22,90.12
23.08,52.82
30.35,53.69
34.76,49.36
75.59,5.65
97.55,69.51
82.61,23.45
18.46,34.89
42.62,72.18
30.05,28.36
14.90,86.84
46.06,54.20
87.89,40.42
60.43,64.39
14.17,21.03
98.75,47.01
87.03,37.87
80.78,83.15
53.36,24.54
81.43,91.90
11.99,11.30
83.50,99.75
29.75,92.91
0.19,89.98
18.47,27.76
8.05,10.94
55.36,65.57
71.45,47.28
96.39,15.97
58.80,87.98
27.82,38.35
47.69,56.38
24.49,54.60
90.98,3.32
35.16,60.48
69.41,2.53
95.02,39.13
87.37,28.84
73.23,60.42
78.17,44.81
99.65,83.91
72.61,68.65
78.96,69.61
50.36,47.57
92.42,41.10
37.67,14.39
8.39,38.22
36.63,62.68
70.93,43.06
71.64,35.68
12.51,62.12
16.62,87.80
41.74,99.92
23.11,43.89
89.88,65.17
3.77,51.28
60.92,8.88
38.37,91.99
19.19,6.00
60.06,98.93
65.79,56.94
48.80,98.30
0.46,3.33
5.32,83.06
39.02,23.73
4.64,7.22
58.41,99.16
30.98,79.27
70.81,15.94
77.38,24.62
86.40,3.70
52.96,81.26
10.48,90.20
78.09,90.98
34.50,91.49
63.57,49.15
23.23,45.81
63.98,80.00
70.31,42.56
66.94,11.70
93.30,94.21
30.38,35.64
65.85,47.97
8.14,47.67
39.32,36.65
10.42,85.58
89.26,23.80
30.29,96.95
33.10,6.71
29.73,93.77
4.57,2.73
19.87,76.66
37.67,59.48
88.40,40.15
8.35,97.31
24.66,2.68
5.77,13.80
67.43,40.40
56.46,54.20
54.26,42.01
4.62,79.41
81.98,43.50
59.67,43.33
97.89,46.31
58.15,25.49
28.63,70.10
51.43,51.27
19.22,42.12
22.57,72.35
99.05,79.59
56.58,72.86
13.10,77.94
36.45,12.87
57.16,78.70
14.23,20.37
33.77,53.78
11.14,95.24
2.13,9.52
33.52,94.08
29.51,83.48
52.69,23.85
64.58,79.90
85.68,83.72
43.39,65.15
31.26,59.74
8.08,24.12
61.02,94.73
64.87,60.16
38.94,27.40
33.33,6.57
44.18,18.46
42.07,6.13
2.16,59.52
7.19,6.52
86.32,90.60
89.50,14.17
39.51,36.30
64.00,46.81
77.69,6.85
50.89,25.93
81.21,1.01
51.20,54.27
49.16,89.98
2.04,30.68
90.99,58.42
16.78,64.86
56.07,27.52
3.34,67.95
56.68,87.70
60.60,11.39
23.14,24.09
36.79,66.06
40.22,26.52
97.03,56.67
53.78,37.65
87.24,91.90
3.39,7.89
1.02,60.09
32.37,93.62
52.69,12.40
50.09,56.51
35.01,90.32
73.06,96.25
93.28,93.14
51.22,76.06
78.77,22.30
93.55,81.19
53.95,84.26
43.30,84.33
9.70,81.13
17.40,78.44
20.25,69.40
16.57,77.64
5.50,20.95
33.40,79.91
92.35,77.72
33.97,31.24
66.83,51.61
65.45,30.64
86.85,84.66
46.64,67.40
82.01,51.01
31.55,87.87
1.14,51.67
97.17,47.69
81.02,26.11
95.35,16.98
0.22,80.35
26.64,71.27
51.24,10.32
38.77,18.72
10.58,81.40
26.27,85.67
12.00,10.31
9.34,6.52
31.02,83.78
99.91,41.76
70.34,40.14
20.56,78.25
95.15,34.41
28.27,49.62
5.12,5.39
8.94,51.59
45.24,63.89
50.90,16.80
51.92,25.53
76.23,56.92
2.40,18.52
6.99,75.80
85.83,7.03
70.32,7.16
42.57,84.18
1.01,32.18
24.44,5.44
83.28,88.49
13.38,52.24
84.11,90.22
98.40,39.12
70.21,41.17
51.44,3.04
67.42,37.46
61.68,42.59
17.21,24.63
84.83,7.37
8.16,95.06
38.81,72.35
12.15,85.91
30.76,71.16
34.68,65.39
31.48,3.12
96.71,75.57
22.87,73.94
1.35,33.62
31.64,77.37
3.11,80.38
28.20,76.38
89.33,4.90
13.46,95.97
4.24,66.69
38.42,97.33
94.33,83.78
1.28,62.93
30.51,53.75
45.18,85.73
67.27,27.53
36.02,22.09
32.03,61.21
34.26,37.75
98.84,29.97
87.12,48.64
89.68,99.71
58.46,34.70
64.14,17.44
82.40,83.36
3.42,98.90
73.70,1.86
68.19,63.65
53.01,22.53
11.62,91.94
48.43,13.85
58.52,54.89
15.89,1.28
19.61,0.68
80.86,96.78
95.72,62.37
40.77,33.42
41.24,90.55
83.94,2.64
98.05,3.28
74.23,95.47
81.83,89.43
22.71,56.30
1.09,97.22
17.87,68.00
15.96,89.55
13.91,0.54
98.43,49.64
83.06,71.89
38.86,76.63
22.59,89.39
54.47,18.92
69.29,62.71
94.63,55.32
15.41,5.39
5.30,48.72
38.63,70.83
9.99,65.15
55.51,0.90
88.64,72.34
83.42,0.37
86.98,6.11
48.57,89.05
69.03,20.52
9.52,24.70
33.27,17.98
75.01,34.63
48.98,89.60
82.26,41.57
33.34,82.56
67.94,20.31
82.42,51.39
7.62,75.55
89.30,42.99
21.68,88.61
31.28,11.64
45.57,40.86
84.78,59.20
40.65,85.03
31.22,48.59
78.16,2.36
50.27,43.74
63.33,52.64
57.60,88.31
79.32,97.64
33.71,47.03
21.12,53.62
7.63,98.45
58.93,8.11
4.49,86.26
16.81,18.10
39.81,7.03
78.18,91.92
44.76,37.03
32.45,45.69
36.59,77.95
58.65,16.64
6.23,31.87
1.42,10.06
81.23,99.84
32.24,54.69
36.16,34.79
4.40,42.05
65.07,69.86
4.40,29.18
1.03,86.02
74.03,91.60
65.99,79.13
27.73,23.26
61.39,36.04
18.08,93.94
64.20,31.43
8.32,90.77
76.35,13.11
95.78,90.44
86.39,51.78
92.08,31.14
41.35,93.32
7.23,79.49
94.21,66.55
3.33,16.35
87.61,67.41
80.48,97.82
58.09,61.80
32.91,82.89
96.83,23.52
66.19,57.56
82.44,51.39
98.05,26.67
9.65,89.87
74.58,89.64
73.25,11.57
21.32,63.60
31.39,6.61
14.42,68.67
64.08,63.67
0.87,43.95
63.55,21.04
18.85,19.88
41.48,11.54
69.26,33.17
14.66,25.19
67.77,33.38
35.85,65.35
63.12,97.27
68.88,80.00
41.65,36.27
68.74,8.44
50.99,55.41
16.01,95.25
66.32,97.80
72.62,88.83
91.42,87.82
71.28,59.27
33.85,68.22
24.14,42.02
18.80,11.81
38.57,37.78
8.88,76.43
56.87,76.76
79.12,63.79
95.48,85.74
55.46,37.06
44.58,80.35
62.77,50.17
3.75,41.54
44.12,42.25
71.03,25.27
6.96,55.12
73.71,97.63
23.76,38.49
27.31,83.54
64.69,17.92
36.03,66.68
68.37,14.07
2.75,80.74
62.79,17.99
99.49,87.47
33.19,47.31
60.38,46.04
96.16,30.28
98.20,39.57
80.05,91.17
13.03,40.12
30.48,39.08
56.77,61.09
56.86,94.47
40.98,67.47
10.79,23.08
27.00,88.48
40.70,85.18
17.27,4.75
97.96,49.54
74.54,62.62
79.65,66.27
31.66,1.92
80.57,40.47
19.12,70.36
92.71,99.23
29.20,37.65
34.35,98.81
56.76,15.50
13.01,75.98
4.49,35.78
26.36,7.31
17.61,38.60
83.65,4.34
17.65,74.38
86.36,38.19
37.75,29.51
41.35,57.56
22.99,44.10
92.50,36.35
48.68,1.88
47.26,63.18
26.32,37.41
43.66,64.09
12.86,23.84
50.11,31.79
12.11,75.45
15.64,20.17
58.87,23.89
91.08,50.94
6.31,4.00
23.54,71.16
94.69,16.15
85.47,94.58
65.97,15.33
37.60,57.91
2.64,14.23
40.70,23.59
11.64,77.55
24.63,65.11
44.52,27.65
95.63,77.56
43.57,78.01
12.50,66.74
30.34,60.20
90.69,83.37
7.66,12.54
99.77,85.35
29.31,54.17
3.87,30.94
2.36,77.00
57.87,28.10
26.55,49.69
12.13,91.48
42.25,42.95
98.01,87.33
53.94,53.32
63.09,78.67
19.67,23.94
0.07,18.70
48.83,35.02
66.78,78.17
30.02,64.18
25.83,34.68
18.91,97.58
42.11,95.82
52.11,6.08
63.73,76.32
16.90,87.83
77.96,99.97
99.34,18.52
77.40,51.18
53.47,43.48
93.57,58.23
82.80,92.21
55.37,50.33
2.10,95.02
7.98,94.22
52.31,34.09
84.01,82.34
74.05,66.70
53.43,14.44
6.47,17.13
91.18,87.01
67.36,45.61
92.25,80.94
87.56,67.37
32.69,16.92
18.12,13.30
22.21,29.91
2.53,94.69
18.92,99.58
7.52,58.72
80.04,61.85
35.97,99.15
3.89,18.08
3.48,16.92
77.77,53.43
45.99,9.24
83.94,73.12
39.98,2.48
31.87,66.72
59.30,34.07
78.39,14.38
62.90,31.91
69.75,55.90
6.21,35.69
89.39,54.08
95.82,54.02
23.54,97.03
61.70,53.65
63.26,0.51
4.14,32.63
45.75,91.25
83.65,38.02
0.54,74.70
61.30,50.46
6.81,16.74
64.06,72.84
87.04,97.77
45.38,28.65
58.99,29.78
34.45,96.37
43.22,62.15
19.71,80.85
76.69,40.53
91.34,50.06
14.01,24.37
76.04,46.02
7.73,13.61
32.90,12.57
46.48,82.41
43.64,69.25
95.43,69.15
22.72,0.80
27.59,25.44
93.02,24.52
56.30,84.49
21.79,44.25
79.26,68.92
87.64,98.72
23.06,22.08
54.64,64.70
32.97,12.83
62.24,80.95
87.74,33.86
0.71,17.44
31.35,86.05
31.24,26.35
4.68,17.52
26.84,76.16
28.75,64.69
55.69,88.44
38.14,25.16
2.17,67.68
88.36,77.27
22.42,39.35
64.31,49.53
61.10,88.49
97.84,34.76
13.77,21.77
62.54,38.42
5.66,59.64
50.95,48.12
71.44,2.11
55.40,12.52
63.05,1.50
67.40,21.53
83.08,18.67
82.56,87.10
39.57,35.29
48.07,33.93
45.00,44.27
18.01,22.99
36.77,42.69
88.02,47.02
79.58,7.20
65.60,57.19
21.01,40.55
94.45,2.33
10.91,39.86
92.55,88.51
62.30,51.93
81.95,95.49
27.13,49.10
85.71,18.64
83.54,80.48
42.19,40.48
83.06,27.40
40.31,74.01
86.08,19.59
10.52,61.75
21.48,49.15
16.10,58.94
42.74,52.96
76.48,77.13
16.81,21.02
20.45,15.27
74.20,28.32
10.72,59.39
69.51,80.62
3.31,89.09
49.76,10.90
5.46,89.39
4.78,62.65
